synth: 118.733663697
floorplan: 8.653002202
place: 50.221338256
cts: 58.818029746
route: 83.083441325
finish: 28.695659896
