synth: 118.592648548
floorplan: 8.753490180
place: 50.051286570
cts: 58.826769126
route: 82.940346205
finish: 28.803937122
