synth: 118.448210710
floorplan: 9.083647729
place: 50.538601444
cts: 59.018870439
route: 83.508050072
finish: 28.803645308
