synth: 123.791630896
floorplan: 9.973195749
place: 56.777613962
cts: 43.225801945
route: 629.843923056
finish: 34.658711151
