synth: 123.924045830
floorplan: 10.035971128
place: 56.740359777
cts: 43.244449649
route: 634.739380540
finish: 34.275862801
