synth: 123.566740479
floorplan: 9.562050132
place: 56.361777463
cts: 43.536207569
route: 631.792447422
finish: 34.667069132
