synth: 123.242201161
floorplan: 10.246021366
place: 56.616885704
cts: 43.169044835
route: 635.739881333
finish: 34.169849206
