synth: 123.191127791
floorplan: 9.731694418
place: 56.696843279
cts: 42.905928602
route: 630.885159748
finish: 34.314885312
