synth: 118.215976456
floorplan: 9.084474591
place: 50.339812357
cts: 59.221082195
route: 81.963997865
finish: 28.745288263
