synth: 118.481928735
floorplan: 8.786549069
place: 50.450050793
cts: 59.016407730
route: 83.060442032
finish: 28.843622602
